seq.conv-0.weight
[[[[-0.08656828 -0.06462713 -0.17349112]
   [-0.14688432 -0.0996029  -0.27237958]
   [ 0.0851955   0.11699538  0.04402129]]]]


seq.conv-0.bias
[0.04654125]


seq.conv-1.weight
[[[[ 0.02396365 -0.16358249 -0.2261846 ]
   [ 0.03402003 -0.14865908 -0.20128998]
   [-0.07002946 -0.11470139  0.23676495]]]]


seq.conv-1.bias
[0.21370661]


seq.conv-2.weight
[[[[-0.31584883  0.02201033  0.54485226]]]]


seq.conv-2.bias
[-0.15500683]


seq.linear-5.weight
[[-0.17771813 -0.20027217 -0.00589057  0.272158    0.02603377  0.22764663
   0.2659146   0.25834766]
 [-0.3335022  -0.13859965 -0.3082366  -0.18501298  0.06262575 -0.2657864
   0.11901119 -0.17597231]
 [-0.238825   -0.32270837 -0.12815167  0.02824488 -0.01367223 -0.18836577
   0.06131296 -0.11429496]
 [-0.06269284  0.32289466 -0.24477401  0.185614   -0.16175269  0.07682266
  -0.1745692  -0.2691302 ]
 [-0.1076688   0.06271603  0.24929667 -0.16479072 -0.2800885   0.29443046
  -0.24311161 -0.30693713]
 [-0.33715224 -0.28506473 -0.00977807  0.2796256  -0.10205611  0.28564268
   0.05421244  0.06161296]
 [-0.06642339 -0.31364697  0.26560265  0.27076086 -0.27802068 -0.08559679
  -0.02912077 -0.28424686]
 [-0.2735344  -0.04439513 -0.20170043 -0.04870431 -0.03483155  0.02883708
  -0.21359602 -0.24233198]]


seq.linear-5.bias
[-0.2568526  -0.2418403   0.34562412  0.2949618   0.14507973 -0.05017148
  0.22873019  0.08445529]


seq.linear-3.weight
[[-0.23708765  0.12837015 -0.13549764 -0.04578189  0.17099512 -0.07681836
  -0.00231458 -0.1436751 ]]


seq.linear-3.bias
[-0.11749408]
